+--------------------------------------------------------------+
|  No.  |    val     |  shuffled  |    result   |   result/9   |
|-------+------------+------------+-------------+--------------|
|   01  |  75343902  |  90254337  |  -14910435  |  -1656715.0  |
|-------+------------+------------+-------------+--------------|
|   02  |  75343902  |  3539742   |   71804160  |  7978240.0   |
|-------+------------+------------+-------------+--------------|
|   03  |  75343902  |  3379524   |   71964378  |  7996042.0   |
|-------+------------+------------+-------------+--------------|
|   04  |  75343902  |  95207433  |  -19863531  |  -2207059.0  |
|-------+------------+------------+-------------+--------------|
|   05  |  75343902  |  42039735  |   33304167  |  3700463.0   |
|-------+------------+------------+-------------+--------------|
|   06  |  75343902  |  20933754  |   54410148  |  6045572.0   |
|-------+------------+------------+-------------+--------------|
|   07  |  75343902  |  57324390  |   18019512  |  2002168.0   |
|-------+------------+------------+-------------+--------------|
|   08  |  75343902  |  37293504  |   38050398  |  4227822.0   |
|-------+------------+------------+-------------+--------------|
|   09  |  75343902  |  90337254  |  -14993352  |  -1665928.0  |
|-------+------------+------------+-------------+--------------|
|   10  |  75343902  |  34072935  |   41270967  |  4585663.0   |
|-------+------------+------------+-------------+--------------|
|   11  |  75343902  |  59243730  |   16100172  |  1788908.0   |
|-------+------------+------------+-------------+--------------|
|   12  |  75343902  |  73452390  |   1891512   |   210168.0   |
|-------+------------+------------+-------------+--------------|
|   13  |  75343902  |  92305734  |  -16961832  |  -1884648.0  |
|-------+------------+------------+-------------+--------------|
|   14  |  75343902  |  49750233  |   25593669  |  2843741.0   |
|-------+------------+------------+-------------+--------------|
|   15  |  75343902  |  74905332  |    438570   |   48730.0    |
|-------+------------+------------+-------------+--------------|
|   16  |  75343902  |  53397240  |   21946662  |  2438518.0   |
|-------+------------+------------+-------------+--------------|
|   17  |  75343902  |  30423579  |   44920323  |  4991147.0   |
|-------+------------+------------+-------------+--------------|
|   18  |  75343902  |  47503239  |   27840663  |  3093407.0   |
|-------+------------+------------+-------------+--------------|
|   19  |  75343902  |  52309734  |   23034168  |  2559352.0   |
+--------------------------------------------------------------+
